alcohol的类别情况:
共有126种类别
13.05    6
12.37    6
12.08    5
12.29    4
12.42    3
12.25    3
12.00    3
12.33    2
13.17    2
13.73    2
13.58    2
13.48    2
14.22    2
13.88    2
11.84    2
13.11    2
13.50    2
12.77    2
12.70    2
12.72    2
12.51    2
11.82    2
13.49    2
13.56    2
12.85    2
13.83    2
13.16    2
13.24    2
14.06    2
13.40    2
13.86    2
14.10    2
14.38    2
12.60    2
12.93    2
13.71    2
13.45    1
12.82    1
11.45    1
13.23    1
11.03    1
11.41    1
11.76    1
14.34    1
12.58    1
12.36    1
12.20    1
12.52    1
11.46    1
11.61    1
12.22    1
14.16    1
13.27    1
13.84    1
11.56    1
13.08    1
13.78    1
12.84    1
13.32    1
12.87    1
12.79    1
12.34    1
13.62    1
13.69    1
13.52    1
13.36    1
12.53    1
12.07    1
12.81    1
12.88    1
12.86    1
12.04    1
12.96    1
12.45    1
11.79    1
12.43    1
11.87    1
14.23    1
11.81    1
12.47    1
13.41    1
13.07    1
13.28    1
13.51    1
13.76    1
13.68    1
14.02    1
13.87    1
13.30    1
13.39    1
13.64    1
14.19    1
14.30    1
13.63    1
14.75    1
13.75    1
14.12    1
14.83    1
14.39    1
14.20    1
14.37    1
14.21    1
13.90    1
13.94    1
11.96    1
11.62    1
12.69    1
11.64    1
11.65    1
12.16    1
12.67    1
13.20    1
13.03    1
11.66    1
12.99    1
13.82    1
12.21    1
13.34    1
12.17    1
13.67    1
12.64    1
13.72    1
13.29    1
13.74    1
13.77    1
14.13    1
Name: alcohol, dtype: int64

malic_acid的类别情况:
共有133种类别
1.73    7
1.67    4
1.81    4
1.68    3
1.61    3
1.51    3
1.90    3
1.35    3
1.53    3
1.65    2
1.72    2
1.50    2
1.66    2
1.83    2
3.03    2
2.05    2
3.59    2
1.29    2
1.75    2
0.94    2
1.13    2
1.77    2
1.71    2
1.64    2
1.63    2
2.59    2
3.43    2
3.17    2
1.87    2
2.16    2
2.13    1
2.81    1
2.43    1
2.68    1
2.96    1
5.51    1
4.72    1
2.46    1
0.74    1
1.24    1
4.31    1
3.55    1
1.39    1
2.31    1
2.99    1
1.47    1
4.30    1
2.40    1
4.43    1
4.95    1
5.80    1
2.56    1
3.30    1
3.88    1
3.57    1
4.28    1
3.91    1
5.65    1
2.51    1
2.39    1
4.60    1
2.58    1
3.37    1
3.70    1
4.36    1
2.76    1
3.45    1
3.27    1
3.26    1
3.83    1
4.12    1
5.19    1
2.67    1
3.12    1
3.90    1
3.24    1
4.61    1
5.04    1
3.74    1
0.98    1
2.55    1
1.25    1
1.10    1
1.43    1
1.97    1
1.70    1
2.02    1
4.04    1
3.98    1
1.89    1
3.84    1
3.99    1
1.80    1
1.60    1
1.86    1
3.80    1
3.10    1
1.59    1
1.57    1
1.92    1
1.48    1
2.15    1
1.76    1
1.95    1
2.36    1
1.36    1
1.45    1
2.45    1
1.21    1
1.34    1
2.08    1
1.07    1
1.41    1
2.12    1
1.52    1
1.99    1
2.83    1
1.33    1
2.06    1
1.78    1
0.89    1
3.86    1
0.92    1
3.87    1
0.99    1
2.89    1
0.90    1
1.88    1
1.09    1
1.19    1
1.17    1
1.01    1
4.10    1
Name: malic_acid, dtype: int64

ash的类别情况:
共有79种类别
2.30    7
2.28    7
2.70    6
2.32    6
2.36    6
2.20    5
2.38    5
2.48    5
2.10    4
2.50    4
2.62    4
2.40    4
2.46    3
2.64    3
2.35    3
2.12    3
2.21    3
2.42    3
1.92    3
1.98    3
2.27    3
2.17    3
2.61    3
2.45    3
2.26    3
2.60    3
2.24    2
2.23    2
1.70    2
2.19    2
2.00    2
2.58    2
2.25    2
2.14    2
2.74    2
2.68    2
2.31    2
2.29    2
2.54    2
2.67    2
2.51    2
2.41    2
2.39    2
2.72    2
2.56    2
2.65    2
1.82    1
1.88    1
2.86    1
1.94    1
2.13    1
2.78    1
2.69    1
1.99    1
2.75    1
2.15    1
3.23    1
2.73    1
1.90    1
2.92    1
2.43    1
2.22    1
1.95    1
2.87    1
2.52    1
3.22    1
2.80    1
2.84    1
2.55    1
2.59    1
2.44    1
2.04    1
1.36    1
2.02    1
2.16    1
2.53    1
1.75    1
1.71    1
2.37    1
Name: ash, dtype: int64

alcalinity_of_ash的类别情况:
共有63种类别
20.0    15
16.0    11
21.0    11
18.0    10
19.0     9
21.5     8
18.5     7
19.5     7
22.0     7
22.5     7
16.8     5
25.0     5
24.0     5
20.5     4
24.5     3
17.2     3
18.8     3
17.5     3
23.0     3
17.0     3
15.5     2
15.0     2
28.5     2
18.6     2
14.0     2
15.2     2
18.1     1
25.5     1
20.4     1
30.0     1
14.8     1
22.8     1
26.0     1
20.7     1
23.5     1
21.6     1
23.6     1
26.5     1
20.8     1
19.6     1
15.6     1
10.6     1
16.7     1
14.6     1
17.6     1
11.4     1
12.0     1
16.5     1
16.6     1
17.8     1
16.1     1
19.4     1
19.1     1
13.2     1
16.2     1
11.2     1
18.9     1
17.4     1
12.4     1
17.1     1
16.4     1
16.3     1
27.0     1
Name: alcalinity_of_ash, dtype: int64

magnesium的类别情况:
共有53种类别
88.0     13
86.0     11
98.0      9
101.0     9
96.0      8
102.0     7
94.0      6
85.0      6
112.0     6
97.0      5
92.0      5
80.0      5
103.0     5
89.0      5
90.0      4
108.0     4
107.0     4
106.0     4
87.0      3
120.0     3
95.0      3
78.0      3
111.0     3
84.0      3
118.0     3
104.0     3
100.0     3
110.0     3
116.0     3
93.0      2
115.0     2
91.0      2
105.0     2
113.0     2
162.0     1
134.0     1
119.0     1
82.0      1
122.0     1
81.0      1
70.0      1
127.0     1
132.0     1
99.0      1
136.0     1
139.0     1
151.0     1
117.0     1
128.0     1
124.0     1
126.0     1
121.0     1
123.0     1
Name: magnesium, dtype: int64

total_phenols的类别情况:
共有97种类别
2.20    8
2.80    6
3.00    6
2.60    6
2.00    5
2.95    5
1.65    4
2.45    4
2.85    4
1.38    4
3.30    3
1.48    3
2.50    3
1.80    3
1.70    3
1.98    3
1.68    3
2.42    3
1.95    2
2.65    2
2.10    2
1.60    2
1.45    2
3.18    2
2.55    2
2.56    2
2.74    2
1.62    2
1.40    2
1.55    2
1.39    2
2.05    2
1.90    2
2.48    2
2.40    2
2.70    2
3.10    2
3.25    2
2.98    2
2.86    2
2.53    2
2.22    1
1.51    1
1.79    1
2.13    1
1.30    1
1.15    1
2.61    1
2.62    1
2.90    1
2.41    1
1.54    1
2.32    1
2.46    1
1.50    1
0.98    1
1.93    1
1.41    1
3.27    1
1.74    1
2.30    1
1.83    1
3.85    1
1.35    1
1.28    1
1.25    1
1.63    1
3.40    1
1.75    1
1.72    1
2.96    1
2.02    1
3.88    1
3.50    1
1.89    1
2.11    1
1.85    1
1.10    1
1.88    1
3.38    1
1.61    1
2.72    1
2.88    1
3.20    1
2.83    1
2.75    1
2.64    1
1.78    1
1.92    1
3.15    1
2.35    1
3.02    1
3.52    1
2.23    1
2.63    1
2.36    1
1.59    1
Name: total_phenols, dtype: int64

flavanoids的类别情况:
共有132种类别
2.65    4
2.03    3
2.68    3
0.60    3
1.25    3
0.58    3
2.53    2
0.47    2
0.66    2
2.92    2
2.99    2
2.79    2
1.09    2
1.75    2
1.28    2
1.64    2
1.84    2
1.36    2
1.57    2
2.76    2
2.17    2
2.26    2
1.59    2
2.27    2
1.69    2
0.50    2
3.00    2
0.83    2
3.39    2
2.98    2
0.92    2
0.68    2
3.03    2
3.17    2
2.43    2
3.15    2
0.76    2
2.69    2
0.70    2
2.11    1
1.92    1
0.84    1
0.96    1
1.76    1
2.04    1
0.34    1
0.51    1
0.49    1
3.75    1
2.50    1
0.99    1
0.61    1
2.25    1
0.75    1
2.58    1
1.60    1
2.01    1
1.10    1
0.78    1
0.80    1
0.52    1
0.65    1
0.48    1
1.39    1
0.63    1
1.31    1
1.20    1
2.29    1
1.22    1
0.56    1
2.45    1
2.24    1
2.13    1
5.08    1
2.09    1
0.55    1
1.46    1
3.06    1
1.50    1
2.88    1
3.04    1
2.64    1
2.74    1
3.19    1
3.25    1
2.33    1
2.97    1
2.19    1
2.94    1
2.61    1
2.37    1
2.41    1
1.61    1
3.93    1
3.40    1
3.14    1
2.91    1
3.64    1
3.69    1
3.32    1
2.51    1
2.52    1
3.49    1
3.24    1
3.29    1
3.56    1
2.63    1
3.54    1
1.94    1
2.21    1
1.58    1
2.55    1
1.85    1
1.32    1
2.14    1
2.89    1
2.86    1
1.02    1
1.30    1
2.00    1
3.18    1
3.10    1
1.79    1
1.41    1
0.57    1
3.67    1
3.23    1
2.78    1
2.90    1
3.74    1
3.27    1
0.69    1
Name: flavanoids, dtype: int64

nonflavanoid_phenols的类别情况:
共有39种类别
0.43    11
0.26    11
0.29    10
0.32     9
0.27     8
0.30     8
0.34     8
0.40     8
0.37     8
0.24     7
0.53     7
0.22     6
0.21     6
0.28     5
0.52     5
0.50     5
0.17     5
0.39     5
0.47     4
0.42     4
0.63     4
0.48     4
0.60     3
0.58     3
0.45     3
0.61     3
0.25     2
0.14     2
0.31     2
0.19     2
0.20     2
0.13     1
0.35     1
0.55     1
0.33     1
0.66     1
0.41     1
0.44     1
0.56     1
Name: nonflavanoid_phenols, dtype: int64

proanthocyanins的类别情况:
共有101种类别
1.35    9
1.46    7
1.87    6
1.25    5
1.66    4
2.08    4
1.56    4
1.98    4
2.29    3
1.14    3
1.62    3
1.95    3
0.94    3
1.03    3
1.04    3
0.83    3
1.77    3
2.38    3
1.40    3
1.97    3
1.63    3
2.81    3
1.48    2
1.15    2
0.73    2
2.01    2
0.42    2
0.80    2
2.91    2
0.64    2
2.03    2
1.86    2
1.44    2
1.76    2
1.54    2
1.42    2
1.02    1
0.88    1
1.06    1
2.49    1
3.58    1
1.22    1
1.24    1
1.05    1
1.11    1
0.97    1
0.96    1
1.53    1
1.61    1
2.70    1
1.55    1
1.83    1
1.71    1
1.31    1
1.90    1
1.26    1
0.86    1
0.68    1
0.84    1
1.30    1
0.75    1
1.10    1
0.81    1
0.55    1
1.65    1
3.28    1
1.99    1
1.70    1
2.34    1
1.37    1
1.36    1
1.45    1
1.92    1
1.69    1
2.10    1
1.72    1
2.96    1
1.81    1
1.57    1
1.85    1
1.82    1
2.18    1
2.19    1
2.14    1
1.68    1
0.95    1
1.64    1
1.38    1
1.34    1
2.35    1
1.43    1
2.76    1
1.28    1
2.45    1
1.96    1
2.50    1
2.28    1
0.62    1
0.41    1
2.04    1
1.41    1
Name: proanthocyanins, dtype: int64

color_intensity的类别情况:
共有132种类别
2.600000     4
4.600000     4
3.800000     4
3.400000     3
5.000000     3
4.500000     3
5.400000     3
5.600000     3
3.050000     3
5.700000     3
2.900000     3
2.800000     3
5.100000     3
7.650000     2
2.060000     2
6.000000     2
4.800000     2
2.700000     2
4.900000     2
1.950000     2
2.650000     2
3.300000     2
6.200000     2
7.300000     2
7.500000     2
5.750000     2
2.500000     2
3.250000     2
7.100000     2
2.450000     2
3.940000     1
4.100000     1
5.450000     1
2.120000     1
3.000000     1
2.940000     1
2.760000     1
2.080000     1
1.280000     1
1.900000     1
3.080000     1
2.000000     1
4.920000     1
2.300000     1
2.150000     1
3.850000     1
9.400000     1
4.350000     1
4.400000     1
9.300000     1
10.200000    1
7.700000     1
9.700000     1
9.899999     1
5.500000     1
8.500000     1
8.660000     1
10.260000    1
10.680000    1
6.620000     1
9.580000     1
5.280000     1
5.580000     1
5.880000     1
11.750000    1
13.000000    1
9.010000     1
7.900000     1
7.600000     1
10.520000    1
10.800000    1
8.600000     1
2.400000     1
8.420000     1
4.000000     1
8.210000     1
3.600000     1
5.640000     1
1.740000     1
3.520000     1
5.430000     1
4.280000     1
6.130000     1
3.700000     1
4.250000     1
4.200000     1
3.840000     1
6.900000     1
4.700000     1
3.950000     1
3.580000     1
3.930000     1
2.620000     1
5.650000     1
8.700000     1
6.600000     1
7.220000     1
5.200000     1
5.050000     1
5.250000     1
6.750000     1
4.320000     1
7.800000     1
5.680000     1
4.360000     1
5.040000     1
5.240000     1
6.100000     1
2.200000     1
3.900000     1
2.570000     1
4.380000     1
3.210000     1
3.350000     1
3.740000     1
3.380000     1
2.850000     1
3.170000     1
4.680000     1
5.300000     1
2.950000     1
4.450000     1
3.270000     1
6.800000     1
6.380000     1
6.250000     1
5.850000     1
6.300000     1
7.050000     1
7.200000     1
8.900000     1
9.200000     1
Name: color_intensity, dtype: int64

hue的类别情况:
共有78种类别
1.040    8
1.230    7
1.120    6
0.570    5
0.890    5
0.960    5
1.250    5
0.750    4
1.050    4
1.190    4
1.070    4
1.090    4
0.860    4
0.700    4
1.130    3
0.930    3
0.980    3
0.920    3
1.060    3
1.160    3
0.600    3
1.020    3
0.950    3
0.910    3
0.880    3
0.800    2
0.590    2
0.780    2
0.790    2
1.000    2
0.730    2
0.580    2
1.360    2
1.310    2
0.870    2
0.740    2
0.560    2
0.940    2
0.670    2
0.660    2
0.820    2
1.030    2
1.100    2
0.610    2
1.280    2
1.080    2
1.150    2
1.010    2
0.650    1
0.810    1
0.770    1
0.480    1
0.620    1
0.720    1
0.540    1
0.550    1
0.680    1
0.850    1
1.380    1
0.760    1
0.906    1
1.170    1
1.200    1
1.110    1
1.180    1
1.240    1
1.220    1
1.450    1
0.990    1
0.970    1
0.840    1
1.330    1
1.420    1
1.270    1
0.900    1
1.710    1
0.690    1
0.640    1
Name: hue, dtype: int64

od280/od315_of_diluted_wines的类别情况:
共有122种类别
2.87    5
1.82    4
3.00    4
2.78    4
1.56    3
1.75    3
2.77    3
2.31    3
1.33    3
3.33    3
2.96    3
3.17    3
3.10    2
1.68    2
3.26    2
2.84    2
2.44    2
1.58    2
3.38    2
1.51    2
1.29    2
3.16    2
3.13    2
3.40    2
3.12    2
2.26    2
3.21    2
2.06    2
3.30    2
1.62    2
2.75    2
2.65    2
3.58    2
2.57    2
2.82    2
3.20    2
2.88    2
2.93    2
2.85    2
3.02    1
3.05    1
3.64    1
1.83    1
2.42    1
3.69    1
3.39    1
1.74    1
1.63    1
2.12    1
3.19    1
3.28    1
2.81    1
1.71    1
2.50    1
1.30    1
1.47    1
1.42    1
1.55    1
1.86    1
1.48    1
1.64    1
1.73    1
1.96    1
2.00    1
1.78    1
2.05    1
2.47    1
2.11    1
1.80    1
2.15    1
1.69    1
1.27    1
1.92    1
1.36    1
3.57    1
3.92    1
2.83    1
3.22    1
3.44    1
3.35    1
3.56    1
3.53    1
2.69    1
2.51    1
3.47    1
2.71    1
3.59    1
3.82    1
2.74    1
3.63    1
4.00    1
3.52    1
3.71    1
3.36    1
2.73    1
2.90    1
3.55    1
3.45    1
2.91    1
3.37    1
3.03    1
3.31    1
2.63    1
2.27    1
3.08    1
2.01    1
2.72    1
3.14    1
2.52    1
2.48    1
2.14    1
3.50    1
3.07    1
1.93    1
3.48    1
3.18    1
2.30    1
2.23    1
2.46    1
1.59    1
1.67    1
1.60    1
Name: od280/od315_of_diluted_wines, dtype: int64

proline的类别情况:
共有121种类别
680.0     5
520.0     5
625.0     4
750.0     4
630.0     4
1035.0    3
562.0     3
495.0     3
660.0     3
510.0     3
450.0     3
1285.0    3
480.0     3
1065.0    2
600.0     2
1045.0    2
1280.0    2
675.0     2
415.0     2
1060.0    2
985.0     2
380.0     2
428.0     2
500.0     2
880.0     2
1095.0    2
560.0     2
580.0     2
650.0     2
830.0     2
845.0     2
780.0     2
695.0     2
1150.0    2
550.0     2
345.0     2
515.0     2
406.0     1
315.0     1
835.0     1
488.0     1
740.0     1
570.0     1
615.0     1
937.0     1
672.0     1
438.0     1
325.0     1
685.0     1
470.0     1
710.0     1
312.0     1
640.0     1
607.0     1
620.0     1
425.0     1
855.0     1
590.0     1
720.0     1
725.0     1
530.0     1
342.0     1
466.0     1
352.0     1
290.0     1
378.0     1
365.0     1
465.0     1
372.0     1
407.0     1
385.0     1
434.0     1
564.0     1
472.0     1
714.0     1
1130.0    1
920.0     1
1235.0    1
990.0     1
1515.0    1
915.0     1
1195.0    1
1015.0    1
770.0     1
1680.0    1
1310.0    1
1020.0    1
1547.0    1
1320.0    1
1510.0    1
1295.0    1
1290.0    1
1450.0    1
735.0     1
1480.0    1
1185.0    1
1105.0    1
760.0     1
278.0     1
355.0     1
463.0     1
392.0     1
886.0     1
1050.0    1
410.0     1
870.0     1
718.0     1
502.0     1
678.0     1
420.0     1
795.0     1
1270.0    1
970.0     1
1120.0    1
1375.0    1
1190.0    1
1265.0    1
1260.0    1
1080.0    1
885.0     1
840.0     1
Name: proline, dtype: int64

